[1]  Master) 01 04 14 D8 00 02 F4 00     Slave) 01 04 04 00 00 00 00 FB 84 
[2]  Master) 01 04 14 D8 00 02 F4 00     Slave) 01 04 04 00 00 00 00 FB 84 
[3]  Master) 01 04 14 D8 00 02 F4 00     Slave) 01 04 04 00 00 00 00 FB 84 
[4]  Master) 01 04 14 D8 00 02 F4 00     Slave) 01 04 04 00 00 00 00 FB 84 
[1]  Master) 01 04 14 D8 00 02 F4 00     Slave) 01 04 04 00 00 00 00 FB 84 
[2]  Master) 01 04 14 D8 00 02 F4 00     Slave) 01 04 04 00 00 00 00 FB 84 
[3]  Master) 01 04 14 D8 00 02 F4 00     Slave) 01 04 04 00 00 00 00 FB 84 
[4]  Master) 01 04 14 D8 00 02 F4 00     Slave) 01 04 04 00 00 00 00 FB 84 
[5]  Master) 01 04 14 D8 00 02 F4 00     Slave) 01 04 04 00 00 00 00 FB 84 
[6]  Master) 01 04 14 D8 00 02 F4 00     Slave) 01 04 04 00 00 00 00 FB 84 
[7]  Master) 01 04 14 D8 00 02 F4 00     Slave) 01 04 04 00 00 00 00 FB 84 
[8]  Master) 01 04 14 D8 00 02 F4 00     Slave) 01 04 04 00 00 00 00 FB 84 
[9]  Master) 01 04 14 D8 00 02 F4 00     Slave) 01 04 04 00 00 00 00 FB 84 
[10]  Master) 01 04 14 D8 00 02 F4 00     Slave) 01 04 04 00 00 00 00 FB 84 
[11]  Master) 01 04 14 D8 00 02 F4 00     Slave) 01 04 04 00 00 00 00 FB 84 
[12]  Master) 01 04 14 D8 00 02 F4 00     Slave) 01 04 04 00 00 00 00 FB 84 
[13]  Master) 01 04 14 D8 00 02 F4 00     Slave) 01 04 04 00 00 00 00 FB 84 
[14]  Master) 01 04 14 D8 00 02 F4 00     Slave) 01 04 04 00 00 00 00 FB 84 
[1]  Master) 01 04 14 D8 00 02 F4 00     Slave) 01 04 04 00 00 00 00 FB 84 
[2]  Master) 01 04 14 D8 00 02 F4 00     Slave) 01 04 04 00 00 00 00 FB 84 
[3]  Master) 01 04 14 D8 00 02 F4 00     Slave) 01 04 04 00 00 00 00 FB 84 
[4]  Master) 01 04 14 D8 00 02 F4 00     Slave) 01 04 04 00 00 00 00 FB 84 
[5]  Master) 01 04 14 D8 00 02 F4 00     Slave) 01 04 04 00 00 00 00 FB 84 
[6]  Master) 01 04 14 D8 00 02 F4 00     Slave) 01 04 04 00 00 00 00 FB 84 
[7]  Master) 01 04 14 D8 00 02 F4 00     Slave) 01 04 04 00 00 00 00 FB 84 
[8]  Master) 01 04 14 D8 00 02 F4 00     Slave) 01 04 04 00 00 00 00 FB 84 
[9]  Master) 01 04 14 D8 00 02 F4 00     Slave) 01 04 04 00 00 00 00 FB 84 
[10]  Master) 01 04 14 D8 00 02 F4 00     Slave) 01 04 04 00 00 00 00 FB 84 
[11]  Master) 01 04 14 D8 00 02 F4 00     Slave) 01 04 04 00 00 00 00 FB 84 
[12]  Master) 01 04 14 D8 00 02 F4 00     Slave) 01 04 04 00 00 00 00 FB 84 
[13]  Master) 01 04 14 D8 00 02 F4 00     Slave) 01 04 04 00 00 00 00 FB 84 
[14]  Master) 01 04 14 D8 00 02 F4 00     Slave) 01 04 04 00 00 00 00 FB 84 
[15]  Master) 01 04 14 D8 00 02 F4 00     Slave) 01 04 04 00 00 00 00 FB 84 
[16]  Master) 01 04 14 D8 00 02 F4 00     Slave) 01 04 04 00 00 00 00 FB 84 
[17]  Master) 01 04 14 D8 00 02 F4 00     Slave) 01 04 04 00 00 00 00 FB 84 
[18]  Master) 01 04 14 D8 00 02 F4 00     Slave) 01 04 04 00 00 00 00 FB 84 
[19]  Master) 01 04 14 D8 00 02 F4 00     Slave) 01 04 04 00 00 00 00 FB 84 
[20]  Master) 01 04 14 D8 00 02 F4 00     Slave) 01 04 04 00 00 00 00 FB 84 
[21]  Master) 01 04 14 D8 00 02 F4 00     Slave) 01 04 04 00 00 00 00 FB 84 
[22]  Master) 01 04 14 D8 00 02 F4 00     Slave) 01 04 04 00 00 00 00 FB 84 
[23]  Master) 01 04 14 D8 00 02 F4 00     Slave) 01 04 04 00 00 00 00 FB 84 
[24]  Master) 01 04 14 D8 00 02 F4 00     Slave) 01 04 04 00 00 00 00 FB 84 
[25]  Master) 01 04 14 D8 00 02 F4 00     Slave) 01 04 04 00 00 00 00 FB 84 
[26]  Master) 01 04 14 D8 00 02 F4 00     Slave) 01 04 04 00 00 00 00 FB 84 
[27]  Master) 01 04 14 D8 00 02 F4 00     Slave) 01 04 04 00 00 00 00 FB 84 
[28]  Master) 01 04 14 D8 00 02 F4 00     Slave) 01 04 04 00 00 00 00 FB 84 
[29]  Master) 01 04 14 D8 00 02 F4 00     Slave) 01 04 04 00 00 00 00 FB 84 
[30]  Master) 01 04 14 D8 00 02 F4 00     Slave) 01 04 04 00 00 00 00 FB 84 
[31]  Master) 01 04 14 D8 00 02 F4 00     Slave) 01 04 04 00 00 00 00 FB 84 
[32]  Master) 01 04 14 D8 00 02 F4 00     Slave) 01 04 04 00 00 00 00 FB 84 
[33]  Master) 01 04 14 D8 00 02 F4 00     Slave) 01 04 04 00 00 00 00 FB 84 
[34]  Master) 01 04 14 D8 00 02 F4 00     Slave) 01 04 04 00 00 00 00 FB 84 
[35]  Master) 01 04 14 D8 00 02 F4 00     Slave) 01 04 04 00 00 00 00 FB 84 
[36]  Master) 01 04 14 D8 00 02 F4 00     Slave) 01 04 04 00 00 00 00 FB 84 
[37]  Master) 01 04 14 D8 00 02 F4 00     Slave) 01 04 04 00 00 00 00 FB 84 
[38]  Master) 01 04 14 D8 00 02 F4 00     Slave) 01 04 04 00 00 00 00 FB 84 
[39]  Master) 01 04 14 D8 00 02 F4 00     Slave) 01 04 04 00 00 00 00 FB 84 
[40]  Master) 01 04 14 D8 00 02 F4 00     Slave) 01 04 04 00 00 00 00 FB 84 
[41]  Master) 01 04 14 D8 00 02 F4 00     Slave) 01 04 04 00 00 00 00 FB 84 
[42]  Master) 01 04 14 D8 00 02 F4 00     Slave) 01 04 04 00 00 00 00 FB 84 
[43]  Master) 01 04 14 D8 00 02 F4 00     Slave) 01 04 04 00 00 00 00 FB 84 
[44]  Master) 01 04 14 D8 00 02 F4 00     Slave) 01 04 04 00 00 00 00 FB 84 
[45]  Master) 01 04 14 D8 00 02 F4 00     Slave) 01 04 04 00 00 00 00 FB 84 
[46]  Master) 01 04 14 D8 00 02 F4 00     Slave) 01 04 04 00 00 00 00 FB 84 
[47]  Master) 01 04 14 D8 00 02 F4 00     Slave) 01 04 04 00 00 00 00 FB 84 
[48]  Master) 01 04 14 D8 00 02 F4 00     Slave) 01 04 04 00 00 00 00 FB 84 
[49]  Master) 01 04 14 D8 00 02 F4 00     Slave) 01 04 04 00 00 00 00 FB 84 
[50]  Master) 01 04 14 D8 00 02 F4 00     Slave) 01 04 04 00 00 00 00 FB 84 
[51]  Master) 01 04 14 D8 00 02 F4 00     Slave) 01 04 04 00 00 00 00 FB 84 
[52]  Master) 01 04 14 D8 00 02 F4 00     Slave) 01 04 04 00 00 00 00 FB 84 
[53]  Master) 01 04 14 D8 00 02 F4 00     Slave) 01 04 04 00 00 00 00 FB 84 
[54]  Master) 01 04 14 D8 00 02 F4 00     Slave) 01 04 04 00 00 00 00 FB 84 
[55]  Master) 01 04 14 D8 00 02 F4 00     Slave) 01 04 04 00 00 00 00 FB 84 
[56]  Master) 01 04 14 D8 00 02 F4 00     Slave) 01 04 04 00 00 00 00 FB 84 
[57]  Master) 01 04 14 D8 00 02 F4 00     Slave) 01 04 04 00 00 00 00 FB 84 
[58]  Master) 01 04 14 D8 00 02 F4 00     Slave) 01 04 04 00 00 00 00 FB 84 
[59]  Master) 01 04 14 D8 00 02 F4 00     Slave) 01 04 04 00 00 00 00 FB 84 
[60]  Master) 01 04 14 D8 00 02 F4 00     Slave) 01 04 04 00 00 00 00 FB 84 
[61]  Master) 01 04 14 D8 00 02 F4 00     Slave) 01 04 04 00 00 00 00 FB 84 
[62]  Master) 01 04 14 D8 00 02 F4 00     Slave) 01 04 04 00 00 00 00 FB 84 
[63]  Master) 01 04 14 D8 00 02 F4 00     Slave) 01 04 04 00 00 00 00 FB 84 
[64]  Master) 01 04 14 D8 00 02 F4 00     Slave) 01 04 04 00 00 00 00 FB 84 
[65]  Master) 01 04 14 D8 00 02 F4 00     Slave) 01 04 04 00 00 00 00 FB 84 
[66]  Master) 01 04 14 D8 00 02 F4 00     Slave) 01 04 04 00 00 00 00 FB 84 
[67]  Master) 01 04 14 D8 00 02 F4 00     Slave) 01 04 04 00 00 00 00 FB 84 
[68]  Master) 01 04 14 D8 00 02 F4 00     Slave) 01 04 04 00 00 00 00 FB 84 
[69]  Master) 01 04 14 D8 00 02 F4 00     Slave) 01 04 04 00 00 00 00 FB 84 
[70]  Master) 01 04 14 D8 00 02 F4 00     Slave) 01 04 04 00 00 00 00 FB 84 
[71]  Master) 01 04 14 D8 00 02 F4 00     Slave) 01 04 04 00 00 00 00 FB 84 
[72]  Master) 01 04 14 D8 00 02 F4 00     Slave) 01 04 04 00 00 00 00 FB 84 
[73]  Master) 01 04 14 D8 00 02 F4 00     Slave) 01 04 04 00 00 00 00 FB 84 
[74]  Master) 01 04 14 D8 00 02 F4 00     Slave) 01 04 04 00 00 00 00 FB 84 
[75]  Master) 01 04 14 D8 00 02 F4 00     Slave) 01 04 04 00 00 00 00 FB 84 
[76]  Master) 01 04 14 D8 00 02 F4 00     Slave) 01 04 04 00 00 00 00 FB 84 
[77]  Master) 01 04 14 D8 00 02 F4 00     Slave) 01 04 04 00 00 00 00 FB 84 
[1]  Master) 01 04 14 D8 00 02 F4 00     Slave) 01 04 04 00 00 00 00 FB 84 
[2]  Master) 01 04 14 D8 00 02 F4 00     Slave) 01 04 04 00 00 00 00 FB 84 
[3]  Master) 01 04 14 D8 00 02 F4 00     Slave) 01 04 04 00 00 00 00 FB 84 
[1]  Master) 01 04 14 D8 00 02 F4 00     Slave) 01 04 04 00 00 00 00 FB 84 
[2]  Master) 01 04 14 D8 00 02 F4 00     Slave) 01 04 04 00 00 00 00 FB 84 
[3]  Master) 01 04 14 D8 00 02 F4 00     Slave) 01 04 04 00 00 00 00 FB 84 
[4]  Master) 01 04 14 D8 00 02 F4 00     Slave) 01 04 04 00 00 00 00 FB 84 
[5]  Master) 01 04 14 D8 00 02 F4 00     Slave) 01 04 04 00 00 00 00 FB 84 
[6]  Master) 01 04 14 D8 00 02 F4 00     Slave) 01 04 04 00 00 00 00 FB 84 
[7]  Master) 01 04 14 D8 00 02 F4 00     Slave) 01 04 04 00 00 00 00 FB 84 
[8]  Master) 01 04 14 D8 00 02 F4 00     Slave) 01 04 04 00 00 00 00 FB 84 
[9]  Master) 01 04 14 D8 00 02 F4 00     Slave) 01 04 04 00 00 00 00 FB 84 
[10]  Master) 01 04 14 D8 00 02 F4 00     Slave) 01 04 04 00 00 00 00 FB 84 
[11]  Master) 01 04 14 D8 00 02 F4 00     Slave) 01 04 04 00 00 00 00 FB 84 
[12]  Master) 01 04 14 D8 00 02 F4 00     Slave) 01 04 04 00 00 00 00 FB 84 
[13]  Master) 01 04 14 D8 00 02 F4 00     Slave) 01 04 04 00 00 00 00 FB 84 
[14]  Master) 01 04 14 D8 00 02 F4 00     Slave) 01 04 04 00 00 00 00 FB 84 
[15]  Master) 01 04 14 D8 00 02 F4 00     Slave) 01 04 04 00 00 00 00 FB 84 
